  -9.8048270e-01
  -9.7804182e-01
  -9.5028953e-01
  -8.8613423e-01
  -8.8469128e-01
  -8.7878727e-01
  -8.7719712e-01
  -8.2266832e-01
  -8.2000237e-01
  -8.1930652e-01
  -8.1697367e-01
  -7.8051526e-01
  -7.8027659e-01
  -7.6776297e-01
  -7.3777059e-01
  -6.9610584e-01
  -6.5479100e-01
  -6.2844347e-01
  -6.1392037e-01
  -5.5746854e-01
  -5.4022784e-01
  -5.2926645e-01
  -5.2613923e-01
  -4.8947559e-01
  -4.8925940e-01
  -4.8643087e-01
  -4.6023267e-01
  -4.5356658e-01
  -4.4224878e-01
  -4.4121607e-01
  -4.3035255e-01
  -4.1708574e-01
  -3.7628011e-01
  -3.6433389e-01
  -3.5811793e-01
  -3.1671179e-01
  -2.5230467e-01
  -2.5055507e-01
  -2.1866493e-01
  -2.1463085e-01
  -2.0578231e-01
  -1.9231326e-01
  -1.3697763e-01
  -1.2991856e-01
  -1.0396057e-01
  -9.9352375e-02
  -9.5585092e-02
  -7.4222287e-03
   1.1998912e-02
   2.2817878e-02
   4.9274691e-02
   5.8719805e-02
   6.4566142e-02
   1.1311150e-01
   1.3871637e-01
   1.4652077e-01
   1.5210691e-01
   1.6316417e-01
   1.6494060e-01
   1.8994860e-01
   2.0052429e-01
   2.2925392e-01
   2.4052007e-01
   2.7855229e-01
   2.8463047e-01
   3.0008150e-01
   3.4287359e-01
   3.4454047e-01
   3.7327563e-01
   3.8880782e-01
   3.9926753e-01
   4.2081737e-01
   4.3886551e-01
   4.5036471e-01
   4.5137585e-01
   4.5382910e-01
   4.9323444e-01
   5.0445594e-01
   5.7805785e-01
   5.7945972e-01
   6.2125621e-01
   6.5996486e-01
   6.7411289e-01
   6.7434127e-01
   6.9274578e-01
   7.0071467e-01
   7.1714106e-01
   7.1751807e-01
   8.1288653e-01
   8.2213411e-01
   8.2329485e-01
   8.6579579e-01
   8.9246031e-01
   9.1469056e-01
   9.2432206e-01
   9.4215046e-01
   9.4299928e-01
   9.4530215e-01
   9.5953045e-01
   9.7687853e-01
