   2.1116033e-01
   3.2672117e-01
   2.1259324e-01
   1.6251502e-01
   4.9332122e-01
   1.7199971e-01
   2.8566416e-01
   3.8644314e-01
   4.2913307e-01
   3.0049737e-01
   3.7305343e-01
   1.5454860e-01
   3.3777489e-01
   2.6246509e-01
   1.8284542e-01
   4.7531351e-01
   5.1796569e-01
   3.9666021e-01
   2.6305121e-01
   6.0748428e-01
   3.2186147e-01
   4.5060345e-01
   3.4471504e-01
   4.7760400e-01
   3.7833971e-01
   2.9738275e-01
   3.4186275e-01
   3.2074646e-01
   4.6767878e-01
   3.9627315e-01
   3.5693208e-01
   2.5301585e-01
   2.0501286e-01
   3.4843972e-01
   4.2605922e-01
   1.7065279e-01
   7.7264176e-02
   3.7577491e-01
   1.8900868e-01
   9.5437616e-02
   4.3531879e-02
   2.8160506e-01
   2.6545734e-01
   2.8449790e-01
   1.4840397e-01
   8.9788326e-02
   2.9234005e-01
   1.3230084e-01
  -1.8461873e-01
  -1.9529465e-02
   2.0823847e-01
  -1.1265481e-01
  -2.4140457e-02
  -1.2243654e-01
   2.9324140e-02
  -1.7293867e-01
  -1.0500740e-01
  -1.9178806e-01
  -1.3723598e-01
  -2.5813819e-02
  -1.2660190e-01
  -1.5714777e-01
  -2.5499613e-01
  -3.2575970e-01
  -1.4414774e-01
  -1.3824938e-01
  -1.6654702e-01
  -3.8687763e-01
  -1.3675727e-01
  -1.8357833e-01
  -8.3991435e-02
  -1.9644023e-01
  -1.9081268e-01
  -2.6860260e-01
  -3.1170029e-01
  -2.3733182e-01
  -5.5997861e-02
  -1.8597683e-02
  -3.0240384e-01
  -1.2954273e-01
  -1.4371844e-01
  -9.8796104e-02
  -1.5344888e-02
  -1.9731468e-01
  -1.7823839e-01
  -4.0923959e-02
  -2.1631021e-02
  -7.4893073e-02
   6.3182531e-02
   1.9061691e-01
   3.8528224e-02
   1.6320215e-01
   3.0760027e-01
   3.1466775e-01
   4.6145745e-01
   3.4444714e-01
   3.4796968e-01
   3.1834453e-01
   3.3663074e-01
   5.3024755e-01
